10 250 0 100
0 2732255 1647 1865 45 0
1 2340276 4188 3482 45 0
2 1077954 3472 2797 51 0
3 2986059 2979 2254 30 0
4 168046 992 1467 33 0
5 414068 921 1471 21 0
6 471264 164 599 73 1
7 2302555 1892 2319 66 0
8 3030495 646 1665 79 1
9 328417 2608 1922 76 0
-1.000000 8.072379 6.256572 2.996673 7.367925 2.944816 8.219118 1.448344 3.108467 3.750146
8.072379 -1.000000 1.846528 6.865000 0.722799 6.852093 1.637194 9.381996 10.333272 5.038843
6.256572 1.846528 -1.000000 5.355144 1.125520 5.332651 2.249005 7.544660 8.657867 3.242668
2.996673 6.865000 5.355144 -1.000000 6.275571 0.057750 7.597267 4.323728 3.653397 4.518241
7.367925 0.722799 1.125520 6.275571 -1.000000 6.259121 1.634429 8.667348 9.687412 4.323369
2.944816 6.852093 5.332651 0.057750 6.259121 -1.000000 7.573237 4.276613 3.644336 4.468146
8.219118 1.637194 2.249005 7.597267 1.634429 7.573237 -1.000000 9.390650 10.814093 4.720443
1.448344 9.381996 7.544660 4.323728 8.667348 4.276613 9.390650 -1.000000 3.140940 4.738212
3.108467 10.333272 8.657867 3.653397 9.687412 3.644336 10.814093 3.140940 -1.000000 6.719401
3.750146 5.038843 3.242668 4.518241 4.323369 4.468146 4.720443 4.738212 6.719401 -1.000000