8 250 0 100
0 1188702 297 1386 75 1
1 1472617 898 1816 79 1
2 1494107 3415 2600 47 0
3 3075940 3317 2430 28 0
4 3430252 2846 1989 57 0
5 960420 2920 2440 25 0
6 2851804 4244 2807 23 0
7 1006042 4545 3408 22 0
-1.000000 1.374830 6.272181 6.498318 5.034345 2.679203 2.572027 5.481456
1.374830 -1.000000 7.013489 7.572319 6.296151 3.332942 3.042766 6.680973
6.272181 7.013489 -1.000000 2.255601 3.703549 3.684156 3.988666 8.689634
6.498318 7.572319 2.255601 -1.000000 2.158701 4.445736 4.883916 7.326067
5.034345 6.296151 3.703549 2.158701 -1.000000 3.785551 4.250674 5.186431
2.679203 3.332942 3.684156 4.445736 3.785551 -1.000000 0.468464 6.750766
2.572027 3.042766 3.988666 4.883916 4.250674 0.468464 -1.000000 7.016684
5.481456 6.680973 8.689634 7.326067 5.186431 6.750766 7.016684 -1.000000